4,3
4,1
4,0
2,3
2,1
2,0
1,3
1,1
1,0
16,1
16,3
16,0
0,9
0,310
0,305
0,308
0,304
0,303
0,302
0,307
0,12
0,10
0,8
0,0
0,406
0,300
0,405
0,299
0,414
0,298
0,404
0,297
0,403
0,296
0,402
0,295
0,294
0,401
0,293
0,400
0,292
0,399
0,291
0,398
0,290
0,397
0,289
0,396
0,288
0,287
0,395
0,286
0,394
0,285
0,393
0,284
0,413
0,283
0,424
0,282
0,423
0,281
0,422
0,280
0,421
0,279
0,278
0,277
0,276
0,391
0,275
0,390
0,274
0,392
0,273
0,412
0,272
0,389
0,271
0,388
0,270
0,269
0,387
0,268
0,386
0,267
0,385
0,266
0,384
0,265
0,383
0,264
0,382
0,263
0,381
0,262
0,380
0,261
0,379
0,260
0,420
0,259
0,378
0,258
0,377
0,257
0,376
0,256
0,375
0,255
0,374
0,254
0,372
0,253
0,419
0,252
0,418
0,251
0,371
0,250
0,370
0,249
0,248
0,247
0,246
